[gd_scene load_steps=7 format=2]

[ext_resource path="res://Scenes/Ground.tscn" type="PackedScene" id=1]
[ext_resource path="res://Scenes/Camp.tscn" type="PackedScene" id=2]
[ext_resource path="res://Scripts/GamePlay/GamePlay.gd" type="Script" id=3]
[ext_resource path="res://Scenes/Seal.tscn" type="PackedScene" id=4]
[ext_resource path="res://Scenes/GamePlay/GameResults.tscn" type="PackedScene" id=5]
[ext_resource path="res://Scenes/GamePlay/Club.tscn" type="PackedScene" id=6]

[node name="GamePlay" type="Spatial"]
script = ExtResource( 3 )

[node name="Ground" parent="." instance=ExtResource( 1 )]
transform = Transform( 1, 0, 0, 0, 1, 0, 0, 0, 1, 0, -1.02056, 0 )
material/0 = null

[node name="StartGameCountDownTimer" type="Timer" parent="."]
wait_time = 3.0
one_shot = true
autostart = true

[node name="GamePlayTimer" type="Timer" parent="."]

[node name="GameResults" parent="." instance=ExtResource( 5 )]
transform = Transform( 3, 0, 0, 0, 3, 0, 0, 0, 3, -1.26695, 10.4344, -22.7247 )
visible = false

[node name="Camp" parent="." instance=ExtResource( 2 )]

[node name="Club" parent="." instance=ExtResource( 6 )]
transform = Transform( 1, 0, 0, 0, 1, 0, 0, 0, 1, -0.309259, 1.08636, 2.72208 )

[node name="SealHolder" type="Spatial" parent="."]

[node name="Seal3" parent="SealHolder" instance=ExtResource( 4 )]
transform = Transform( 0.911173, 0.000169938, 0.412023, -0.000169594, 1, -3.73964e-05, -0.412023, -3.58052e-05, 0.911173, -3.53488, 0.0101646, -7.25511 )

[node name="Seal4" parent="SealHolder" instance=ExtResource( 4 )]
transform = Transform( 0.657046, 0, -0.75385, 0, 1, 0, 0.75385, 0, 0.657046, -5.79538, 0.0101646, -7.25511 )

[node name="Seal5" parent="SealHolder" instance=ExtResource( 4 )]
transform = Transform( -0.897261, -0.00766347, -0.441433, -0.00759052, 0.999969, -0.00193134, 0.441434, 0.0016178, -0.897292, -7.86227, 0.0101646, -7.25511 )

[node name="Seal6" parent="SealHolder" instance=ExtResource( 4 )]
transform = Transform( 0.648817, 0.000254908, -0.760944, -0.00012452, 1, 0.000228816, 0.760944, -5.37021e-05, 0.648818, -7.86227, 0.0101646, -5.54284 )

[node name="Seal7" parent="SealHolder" instance=ExtResource( 4 )]
transform = Transform( 1, 0, 0, 0, 1, 0, 0, 0, 1, -6.49777, 0.0101646, -5.54284 )

[node name="Seal8" parent="SealHolder" instance=ExtResource( 4 )]
transform = Transform( -4.37114e-08, 0, 1, 0, 1, 0, -1, 0, -4.37114e-08, -10.1214, 0.0101646, -10.5408 )

[node name="Seal9" parent="SealHolder" instance=ExtResource( 4 )]
transform = Transform( -4.37114e-08, 0, -1, 0, 1, 0, 1, 0, -4.37114e-08, -12.3819, 0.0101646, -10.5408 )

[node name="Seal10" parent="SealHolder" instance=ExtResource( 4 )]
transform = Transform( -0.374607, 0, -0.927184, 0, 1, 0, 0.927184, 0, -0.374607, -14.4487, 0.0101646, -10.5408 )

[node name="Seal11" parent="SealHolder" instance=ExtResource( 4 )]
transform = Transform( 0.544639, 0, 0.838671, 0, 1, 0, -0.838671, 0, 0.544639, -14.4487, 0.0101646, -8.82856 )

[node name="Seal12" parent="SealHolder" instance=ExtResource( 4 )]
transform = Transform( -0.992546, 0, -0.121869, 0, 1, 0, 0.121869, 0, -0.992546, -11.383, 0.0505308, -7.81014 )

[node name="Seal13" parent="SealHolder" instance=ExtResource( 4 )]
transform = Transform( -0.158434, 1.00516e-05, 0.98737, -0.000169594, 1, -3.73964e-05, -0.98737, -0.000173377, -0.158434, -4.46279, 0.0101646, -15.3062 )

[node name="Seal14" parent="SealHolder" instance=ExtResource( 4 )]
transform = Transform( 0.89987, 0, 0.436158, 0, 1, 0, -0.436158, 0, 0.89987, -5.05608, 0.0101646, -13.125 )

[node name="Seal15" parent="SealHolder" instance=ExtResource( 4 )]
transform = Transform( 0.190465, -0.000450261, -0.981694, -0.00759052, 0.999969, -0.00193134, 0.981665, 0.00781942, 0.190456, -5.59855, 0.0101646, -11.1305 )

[node name="Seal16" parent="SealHolder" instance=ExtResource( 4 )]
transform = Transform( 0.904556, 1.50833e-05, 0.426356, -0.00012452, 1, 0.000228816, -0.426356, -0.000260066, 0.904555, -3.98982, -0.0121921, -8.64212 )

[node name="Seal17" parent="SealHolder" instance=ExtResource( 4 )]
transform = Transform( 0.262459, 0, 0.964943, 0, 1, 0, -0.964943, 0, 0.262459, -3.58819, 0.0101646, -11.9978 )

[node name="Seal18" parent="SealHolder" instance=ExtResource( 4 )]
transform = Transform( -0.964943, 0, 0.262459, 0, 1, 0, -0.262459, 0, -0.964943, -9.36199, 0.0101646, -9.81303 )

[node name="Seal19" parent="SealHolder" instance=ExtResource( 4 )]
transform = Transform( 0.964943, 0, -0.262459, 0, 1, 0, 0.262459, 0, 0.964943, -9.95528, 0.0101646, -7.63177 )

[node name="Seal20" parent="SealHolder" instance=ExtResource( 4 )]
transform = Transform( 0.796361, 0, -0.604822, 0, 1, 0, 0.604822, 0, 0.796361, -10.4978, 0.0101646, -5.63734 )

[node name="Seal21" parent="SealHolder" instance=ExtResource( 4 )]
transform = Transform( -0.666324, 0, 0.745662, 0, 1, 0, -0.745662, 0, -0.666324, -8.84552, 0.0101646, -5.18794 )

[node name="Seal22" parent="SealHolder" instance=ExtResource( 4 )]
transform = Transform( -0.142905, 0, -0.989736, 0, 1, 0, 0.989736, 0, -0.142905, -7.05816, 0.0505308, -7.87892 )

[node name="Seal" parent="SealHolder" instance=ExtResource( 4 )]
transform = Transform( 1, 0, 0, 0, 1, 0, 0, 0, 1, -1.85766, 0.0213346, 1.56462 )

[node name="Seal2" parent="SealHolder" instance=ExtResource( 4 )]
transform = Transform( 1, 0, 0, 0, 1, 0, 0, 0, 1, 0.0077908, 0.0101646, 1.66366 )

[connection signal="timeout" from="StartGameCountDownTimer" to="." method="_on_StartGameCountDownTimer_timeout"]
[connection signal="timeout" from="GamePlayTimer" to="." method="_on_GamePlayTimer_timeout"]
